    0       1       2       3       4       5       6       7       8       9       10      11      12      13      14      15      16      17      18      19      20      21      22      23      24      25      26      27      28      29      30      31      32      33      34      35      36      37      38      39      
0   0.0     14.2    8.7     13.9    13.4    3.4     14.5    0.4     2.7     12.7    7.8     10.5    3.7     7.5     8.9     5.1     8.4     3.7     36.0    15.2    8.4     3.8     10.8    12.0    4.1     3.9     4.4     4.5     16.4    13.2    2.2     10.6    6.3     4.4     12.5    10.9    4.2     7.0     10.8    3.7     
1   14.2    0.0     17.9    17.8    16.0    16.8    18.4    14.6    15.2    9.2     6.5     15.8    15.7    7.3     18.8    10.9    11.3    16.4    29.8    3.2     17.5    17.9    17.4    8.7     11.8    18.1    15.5    11.4    20.0    15.6    16.3    19.1    14.1    10.2    12.1    3.9     17.9    8.9     4.5     17.9    
2   8.7     17.9    0.0     22.5    22.0    6.2     23.2    8.7     5.9     11.4    12.4    4.1     5.0     13.6    1.0     7.5     6.9     5.3     43.9    17.2    0.4     10.1    3.1     11.1    12.3    9.6     4.2     12.6    25.0    21.7    7.8     1.9     3.9     11.4    9.1     14.0    6.6     14.3    13.5    9.3     
3   13.9    17.8    22.5    0.0     1.9     16.8    0.7     13.8    16.6    22.8    14.7    23.8    17.6    12.5    22.7    16.9    20.4    17.4    24.2    20.7    22.3    13.8    24.5    21.9    10.6    14.4    18.3    10.4    2.6     2.2     15.1    24.4    19.8    12.2    24.1    17.3    17.0    10.5    17.8    14.6    
4   13.4    16.0    22.0    1.9     0.0     16.6    2.4     13.5    16.2    21.5    13.4    23.0    17.2    11.2    22.3    16.0    19.4    17.1    23.5    19.0    21.8    13.9    23.8    20.6    9.9     14.5    17.8    9.6     4.0     0.4     14.9    23.9    19.0    11.3    23.0    15.8    16.9    9.3     16.3    14.7    
5   3.4     16.8    6.2     16.8    16.6    0.0     17.4    3.2     1.7     13.5    10.4    9.1     1.8     10.5    6.1     6.4     8.7     1.1     39.4    17.3    6.1     3.9     8.9     12.9    7.5     3.4     2.6     7.9     19.2    16.3    1.7     8.1     5.4     7.6     12.5    13.2    1.1     10.3    12.9    3.1     
6   14.5    18.4    23.2    0.7     2.4     17.4    0.0     14.5    17.3    23.5    15.5    24.5    18.2    13.3    23.4    17.7    21.1    18.1    23.8    21.3    22.9    14.4    25.2    22.7    11.3    15.0    19.0    11.2    1.9     2.8     15.8    25.1    20.5    13.0    24.9    18.0    17.7    11.3    18.5    15.2    
7   0.4     14.6    8.7     13.8    13.5    3.2     14.5    0.0     2.8     13.1    8.2     10.7    3.8     7.8     8.9     5.5     8.8     3.7     36.1    15.6    8.5     3.4     11.0    12.4    4.3     3.5     4.5     4.8     16.3    13.2    1.9     10.6    6.6     4.7     12.9    11.3    3.9     7.3     11.2    3.3     
8   2.7     15.2    5.9     16.6    16.2    1.7     17.3    2.8     0.0     11.9    8.8     8.1     1.0     9.1     6.1     4.7     7.1     1.2     38.6    15.6    5.7     4.9     8.3     11.2    6.6     4.6     1.7     7.0     19.1    15.9    2.3     7.8     4.1     6.3     11.1    11.5    2.9     9.2     11.2    4.3     
9   12.7    9.2     11.4    22.8    21.5    13.5    23.5    13.1    11.9    0.0     8.1     8.0     11.8    10.3    12.4    7.6     4.9     12.6    38.8    7.0     11.0    16.4    9.6     0.9     13.1    16.3    11.2    13.0    25.3    21.1    14.0    11.8    8.6     11.1    3.1     6.4     14.6    12.2    5.7     16.0    
10  7.8     6.5     12.4    14.7    13.4    10.4    15.5    8.2     8.8     8.1     0.0     11.4    9.4     2.2     13.1    4.9     6.9     10.0    32.3    7.7     12.0    11.4    12.7    7.2     5.9     11.6    9.4     5.7     17.3    13.0    9.8     13.9    8.6     4.0     9.8     3.3     11.5    4.2     3.5     11.4    
11  10.5    15.8    4.1     23.8    23.0    9.1     24.5    10.7    8.1     8.0     11.4    0.0     7.4     13.1    5.0     7.1     4.6     8.0     43.6    14.5    3.9     12.9    1.7     7.8     13.2    12.5    6.5     13.4    26.4    22.7    10.3    3.9     4.1     11.8    5.3     12.0    9.8     14.3    11.4    12.2    
12  3.7     15.7    5.0     17.6    17.2    1.8     18.2    3.8     1.0     11.8    9.4     7.4     0.0     9.9     5.1     4.9     6.9     0.8     39.5    15.9    4.8     5.5     7.4     11.2    7.6     5.1     0.9     8.0     20.1    16.9    3.0     6.9     3.6     7.2     10.7    11.9    2.8     10.1    11.6    4.8     
13  7.5     7.3     13.6    12.5    11.2    10.5    13.3    7.8     9.1     10.3    2.2     13.1    9.9     0.0     14.2    6.2     8.8     10.4    30.6    9.1     13.2    10.8    14.3    9.5     4.5     11.1    10.1    4.2     15.0    10.8    9.6     15.2    9.8     3.1     12.0    5.1     11.5    2.1     5.4     11.0    
14  8.9     18.8    1.0     22.7    22.3    6.1     23.4    8.9     6.1     12.4    13.1    5.0     5.1     14.2    0.0     8.2     7.8     5.3     44.4    18.2    1.3     9.9     3.9     12.1    12.6    9.3     4.5     13.0    25.2    22.0    7.7     2.1     4.7     11.9    10.1    14.9    6.3     14.8    14.4    9.0     
15  5.1     10.9    7.5     16.9    16.0    6.4     17.7    5.5     4.7     7.6     4.9     7.1     4.9     6.2     8.2     0.0     3.6     5.7     36.7    11.0    7.1     8.8     8.1     6.9     6.4     8.7     4.7     6.5     19.5    15.7    6.4     9.1     3.7     4.7     7.7     7.0     7.5     7.2     6.7     8.5     
16  8.4     11.3    6.9     20.4    19.4    8.7     21.1    8.8     7.1     4.9     6.9     4.6     6.9     8.8     7.8     3.6     0.0     7.7     39.2    10.3    6.5     11.8    6.1     4.4     9.9     11.6    6.2     10.0    23.0    19.0    9.3     7.8     3.6     8.1     4.1     7.5     9.7     10.3    6.9     11.3    
17  3.7     16.4    5.3     17.4    17.1    1.1     18.1    3.7     1.2     12.6    10.0    8.0     0.8     10.4    5.3     5.7     7.7     0.0     39.7    16.6    5.1     4.9     7.9     12.0    7.7     4.5     1.6     8.2     19.9    16.8    2.5     7.2     4.4     7.5     11.5    12.6    2.0     10.4    12.3    4.2     
18  36.0    29.8    43.9    24.2    23.5    39.4    23.8    36.1    38.6    38.8    32.3    43.6    39.5    30.6    44.4    36.7    39.2    39.7    0.0     32.8    43.6    37.2    44.8    38.2    32.0    37.8    40.0    31.5    22.8    23.6    37.9    45.7    40.3    32.5    41.4    32.5    39.9    29.7    33.2    37.9    
19  15.2    3.2     17.2    20.7    19.0    17.3    21.3    15.6    15.6    7.0     7.7     14.5    15.9    9.1     18.2    11.0    10.3    16.6    32.8    0.0     16.8    19.0    16.1    6.8     13.5    19.1    15.6    13.2    22.9    18.6    17.1    18.1    13.7    11.7    10.1    4.3     18.4    11.1    4.4     18.9    
20  8.4     17.5    0.4     22.3    21.8    6.1     22.9    8.5     5.7     11.0    12.0    3.9     4.8     13.2    1.3     7.1     6.5     5.1     43.6    16.8    0.0     9.9     3.1     10.7    12.0    9.4     4.0     12.3    24.8    21.5    7.6     2.2     3.5     11.1    8.8     13.6    6.5     13.9    13.1    9.2     
21  3.8     17.9    10.1    13.8    13.9    3.9     14.4    3.4     4.9     16.4    11.4    12.9    5.5     10.8    9.9     8.8     11.8    4.9     37.2    19.0    9.9     0.0     12.8    15.6    6.6     0.6     6.4     7.1     16.1    13.7    2.6     11.9    9.0     7.7     15.9    14.7    3.6     9.9     14.6    0.8     
22  10.8    17.4    3.1     24.5    23.8    8.9     25.2    11.0    8.3     9.6     12.7    1.7     7.4     14.3    3.9     8.1     6.1     7.9     44.8    16.1    3.1     12.8    0.0     9.5     13.9    12.4    6.5     14.2    27.0    23.5    10.4    2.4     4.7     12.7    6.9     13.6    9.5     15.3    12.9    12.1    
23  12.0    8.7     11.1    21.9    20.6    12.9    22.7    12.4    11.2    0.9     7.2     7.8     11.2    9.5     12.1    6.9     4.4     12.0    38.2    6.8     10.7    15.6    9.5     0.0     12.2    15.5    10.6    12.2    24.5    20.2    13.2    11.6    8.1     10.2    3.4     5.7     14.0    11.4    5.0     15.3    
24  4.1     11.8    12.3    10.6    9.9     7.5     11.3    4.3     6.6     13.1    5.9     13.2    7.6     4.5     12.6    6.4     9.9     7.7     32.0    13.5    12.0    6.6     13.9    12.2    0.0     7.0     8.1     0.5     13.2    9.5     6.1     14.1    9.2     2.0     13.8    9.2     8.2     3.3     9.4     6.9     
25  3.9     18.1    9.6     14.4    14.5    3.4     15.0    3.5     4.6     16.3    11.6    12.5    5.1     11.1    9.3     8.7     11.6    4.5     37.8    19.1    9.4     0.6     12.4    15.5    7.0     0.0     6.0     7.5     16.7    14.3    2.3     11.4    8.7     8.0     15.6    14.8    3.0     10.3    14.7    0.3     
26  4.4     15.5    4.2     18.3    17.8    2.6     19.0    4.5     1.7     11.2    9.4     6.5     0.9     10.1    4.5     4.7     6.2     1.6     40.0    15.6    4.0     6.4     6.5     10.6    8.1     6.0     0.0     8.5     20.8    17.5    3.9     6.1     2.8     7.5     9.9     11.7    3.6     10.4    11.3    5.7     
27  4.5     11.4    12.6    10.4    9.6     7.9     11.2    4.8     7.0     13.0    5.7     13.4    8.0     4.2     13.0    6.5     10.0    8.2     31.5    13.2    12.3    7.1     14.2    12.2    0.5     7.5     8.5     0.0     13.0    9.3     6.6     14.5    9.5     2.0     13.9    9.0     8.7     2.8     9.1     7.4     
28  16.4    20.0    25.0    2.6     4.0     19.2    1.9     16.3    19.1    25.3    17.3    26.4    20.1    15.0    25.2    19.5    23.0    19.9    22.8    22.9    24.8    16.1    27.0    24.5    13.2    16.7    20.8    13.0    0.0     4.4     17.6    26.9    22.3    14.9    26.7    19.7    19.4    13.1    20.2    16.9    
29  13.2    15.6    21.7    2.2     0.4     16.3    2.8     13.2    15.9    21.1    13.0    22.7    16.9    10.8    22.0    15.7    19.0    16.8    23.6    18.6    21.5    13.7    23.5    20.2    9.5     14.3    17.5    9.3     4.4     0.0     14.7    23.6    18.7    10.9    22.6    15.4    16.7    8.9     15.9    14.5    
30  2.2     16.3    7.8     15.1    14.9    1.7     15.8    1.9     2.3     14.0    9.8     10.3    3.0     9.6     7.7     6.4     9.3     2.5     37.9    17.1    7.6     2.6     10.4    13.2    6.1     2.3     3.9     6.6     17.6    14.7    0.0     9.7     6.4     6.5     13.3    12.8    2.1     9.2     12.6    2.1     
31  10.6    19.1    1.9     24.4    23.9    8.1     25.1    10.6    7.8     11.8    13.9    3.9     6.9     15.2    2.1     9.1     7.8     7.2     45.7    18.1    2.2     11.9    2.4     11.6    14.1    11.4    6.1     14.5    26.9    23.6    9.7     0.0     5.4     13.2    9.2     15.2    8.4     16.0    14.6    11.1    
32  6.3     14.1    3.9     19.8    19.0    5.4     20.5    6.6     4.1     8.6     8.6     4.1     3.6     9.8     4.7     3.7     3.6     4.4     40.3    13.7    3.5     9.0     4.7     8.1     9.2     8.7     2.8     9.5     22.3    18.7    6.4     5.4     0.0     8.0     7.2     10.2    6.4     10.7    9.7     8.4     
33  4.4     10.2    11.4    12.2    11.3    7.6     13.0    4.7     6.3     11.1    4.0     11.8    7.2     3.1     11.9    4.7     8.1     7.5     32.5    11.7    11.1    7.7     12.7    10.2    2.0     8.0     7.5     2.0     14.9    10.9    6.5     13.2    8.0     0.0     12.0    7.4     8.5     2.9     7.4     7.8     
34  12.5    12.1    9.1     24.1    23.0    12.5    24.9    12.9    11.1    3.1     9.8     5.3     10.7    12.0    10.1    7.7     4.1     11.5    41.4    10.1    8.8     15.9    6.9     3.4     13.8    15.6    9.9     13.9    26.7    22.6    13.3    9.2     7.2     12.0    0.0     8.9     13.5    13.7    8.2     15.4    
35  10.9    3.9     14.0    17.3    15.8    13.2    18.0    11.3    11.5    6.4     3.3     12.0    11.9    5.1     14.9    7.0     7.5     12.6    32.5    4.3     13.6    14.7    13.6    5.7     9.2     14.8    11.7    9.0     19.7    15.4    12.8    15.2    10.2    7.4     8.9     0.0     14.3    7.1     0.7     14.6    
36  4.2     17.9    6.6     17.0    16.9    1.1     17.7    3.9     2.9     14.6    11.5    9.8     2.8     11.5    6.3     7.5     9.7     2.0     39.9    18.4    6.5     3.6     9.5     14.0    8.2     3.0     3.6     8.7     19.4    16.7    2.1     8.4     6.4     8.5     13.5    14.3    0.0     11.2    14.0    2.7     
37  7.0     8.9     14.3    10.5    9.3     10.3    11.3    7.3     9.2     12.2    4.2     14.3    10.1    2.1     14.8    7.2     10.3    10.4    29.7    11.1    13.9    9.9     15.3    11.4    3.3     10.3    10.4    2.8     13.1    8.9     9.2     16.0    10.7    2.9     13.7    7.1     11.2    0.0     7.5     10.2    
38  10.8    4.5     13.5    17.8    16.3    12.9    18.5    11.2    11.2    5.7     3.5     11.4    11.6    5.4     14.4    6.7     6.9     12.3    33.2    4.4     13.1    14.6    12.9    5.0     9.4     14.7    11.3    9.1     20.2    15.9    12.6    14.6    9.7     7.4     8.2     0.7     14.0    7.5     0.0     14.5    
39  3.7     17.9    9.3     14.6    14.7    3.1     15.2    3.3     4.3     16.0    11.4    12.2    4.8     11.0    9.0     8.5     11.3    4.2     37.9    18.9    9.2     0.8     12.1    15.3    6.9     0.3     5.7     7.4     16.9    14.5    2.1     11.1    8.4     7.8     15.4    14.6    2.7     10.2    14.5    0.0     
