    0       1       2       3       4       5       6       7       8       9       10      11      12      13      14      15      16      17      18      19      20      21      22      23      24      25      26      27      28      29      30      31      32      33      34      35      36      37      38      39      
0   0.0     14.2    2.0     17.7    6.2     12.2    14.4    8.1     13.2    16.1    16.4    18.1    12.8    19.2    28.7    4.5     0.3     18.8    10.7    13.2    15.0    16.2    3.0     12.6    10.9    10.0    15.5    12.1    6.9     13.4    13.0    11.4    5.4     17.1    13.4    13.7    15.6    11.4    17.4    12.6    
1   14.2    0.0     15.9    10.0    8.2     4.7     13.2    7.3     4.9     13.6    15.8    11.6    9.6     10.4    36.1    15.7    14.5    11.2    8.6     6.3     10.9    4.5     13.1    19.4    5.5     6.3     8.4     12.7    11.9    1.8     8.2     6.8     17.8    7.2     3.6     8.1     5.2     7.0     11.9    7.9     
2   2.0     15.9    0.0     18.5    7.8     14.1    16.3    10.0    15.1    18.0    18.2    18.7    14.8    20.1    29.3    3.4     1.8     19.5    11.5    14.3    17.0    17.5    3.4     13.8    12.2    12.0    16.3    12.1    7.1     15.2    13.8    12.4    3.7     18.1    14.8    14.6    16.8    13.4    17.9    14.6    
3   17.7    10.0    18.5    0.0     12.3    14.2    22.7    14.7    14.7    23.4    25.4    1.7     19.1    1.7     44.3    16.4    18.0    1.3     7.1     5.0     20.8    5.8     15.1    27.2    7.6     14.9    2.3     8.1     11.7    11.6    4.8     6.6     18.4    3.0     6.8     4.0     4.8     16.2    2.5     17.4    
4   6.2     8.2     7.8     12.3    0.0     7.3     13.0    4.2     8.4     14.4    15.6    13.1    10.1    13.6    32.3    7.7     6.5     13.5    5.9     7.4     12.4    10.0    5.0     15.2    4.9     5.8     10.0    9.1     5.2     7.6     7.8     5.8     9.8     11.1    7.2     8.4     9.5     7.6     12.6    9.1     
5   12.2    4.7     14.1    14.2    7.3     0.0     8.5     4.1     1.0     9.2     11.2    15.7    4.9     14.9    31.5    14.9    12.5    15.5    10.7    9.7     6.5     9.1     12.1    14.9    7.8     2.3     12.3    14.9    12.4    3.0     11.3    9.3     16.8    11.7    7.4     11.5    9.6     2.3     15.7    3.2     
6   14.4    13.2    16.3    22.7    13.0    8.5     0.0     8.9     8.3     1.8     2.7     24.0    3.6     23.4    23.6    18.6    14.5    24.0    18.2    18.0    2.9     17.6    16.0    8.8     15.7    8.0     20.6    22.0    18.1    11.4    19.3    17.2    19.8    20.2    15.9    19.6    18.2    6.5     24.0    5.3     
7   8.1     7.3     10.0    14.7    4.2     4.1     8.9     0.0     5.1     10.2    11.5    15.9    5.9     15.8    29.7    11.1    8.4     16.0    9.4     9.7     8.2     10.8    8.3     12.6    7.2     1.9     12.5    13.1    9.4     6.0     10.7    8.6     12.9    12.8    8.3     11.2    10.8    3.6     15.6    5.0     
8   13.2    4.9     15.1    14.7    8.4     1.0     8.3     5.1     0.0     8.8     10.9    16.2    4.8     15.3    31.6    16.0    13.5    16.0    11.6    10.4    6.1     9.4     13.1    15.2    8.6     3.2     12.9    15.8    13.4    3.2     12.0    10.1    17.8    12.1    8.0     12.2    10.0    2.6     16.3    3.0     
9   16.1    13.6    18.0    23.4    14.4    9.2     1.8     10.2    8.8     0.0     2.5     24.8    4.5     24.0    24.0    20.2    16.2    24.7    19.3    18.8    2.7     18.1    17.6    10.2    16.6    9.0     21.4    23.2    19.5    11.9    20.2    18.2    21.5    20.8    16.6    20.5    18.8    7.3     24.8    6.0     
10  16.4    15.8    18.2    25.4    15.6    11.2    2.7     11.5    10.9    2.5     0.0     26.7    6.3     26.1    21.6    20.7    16.5    26.7    20.8    20.7    5.1     20.3    18.2    8.5     18.4    10.7    23.3    24.6    20.5    14.1    22.0    19.9    21.8    22.9    18.6    22.3    20.8    9.2     26.7    8.0     
11  18.1    11.6    18.7    1.7     13.1    15.7    24.0    15.9    16.2    24.8    26.7    0.0     20.5    2.7     45.3    16.4    18.4    1.2     7.5     6.1     22.2    7.5     15.4    28.2    8.7     16.1    3.4     7.5     11.7    13.1    5.3     7.4     18.3    4.8     8.3     4.7     6.4     17.6    1.2     18.8    
12  12.8    9.6     14.8    19.1    10.1    4.9     3.6     5.9     4.8     4.5     6.3     20.5    0.0     19.8    26.9    16.5    13.0    20.3    14.8    14.4    2.3     14.0    13.8    11.0    12.2    4.6     17.1    18.8    15.3    7.8     15.8    13.7    18.1    16.6    12.3    16.1    14.5    2.9     20.4    1.7     
13  19.2    10.4    20.1    1.7     13.6    14.9    23.4    15.8    15.3    24.0    26.1    2.7     19.8    0.0     45.4    18.0    19.5    1.5     8.6     6.2     21.3    6.0     16.7    28.3    8.8     15.7    3.7     9.7     13.3    12.1    6.3     7.9     20.0    3.2     7.6     5.5     5.2     17.0    3.8     18.1    
14  28.7    36.1    29.3    44.3    32.3    31.5    23.6    29.7    31.6    24.0    21.6    45.3    26.9    45.4    0.0     32.7    28.6    45.6    38.1    39.3    26.5    40.3    31.7    17.1    36.7    30.0    42.0    40.5    35.4    34.4    40.0    37.9    32.3    42.5    38.0    40.6    40.5    29.2    44.8    28.6    
15  4.5     15.7    3.4     16.4    7.7     14.9    18.6    11.1    16.0    20.2    20.7    16.4    16.5    18.0    32.7    0.0     4.5     17.3    9.6     12.8    18.9    16.4    2.8     17.0    11.1    13.0    14.4    9.3     4.8     15.4    11.9    10.9    2.1     16.5    13.8    12.7    15.5    14.7    15.4    16.1    
16  0.3     14.5    1.8     18.0    6.5     12.5    14.5    8.4     13.5    16.2    16.5    18.4    13.0    19.5    28.6    4.5     0.0     19.0    10.9    13.5    15.2    16.5    3.2     12.6    11.2    10.3    15.7    12.2    7.0     13.7    13.2    11.6    5.3     17.3    13.7    14.0    15.9    11.6    17.6    12.9    
17  18.8    11.2    19.5    1.3     13.5    15.5    24.0    16.0    16.0    24.7    26.7    1.2     20.3    1.5     45.6    17.3    19.0    0.0     8.1     6.3     22.0    6.9     16.1    28.5    8.9     16.1    3.5     8.6     12.6    12.8    5.9     7.7     19.2    4.1     8.1     5.1     6.0     17.5    2.4     18.7    
18  10.7    8.6     11.5    7.1     5.9     10.7    18.2    9.4     11.6    19.3    20.8    7.5     14.8    8.6     38.1    9.6     10.9    8.1     0.0     3.4     16.9    7.3     8.1     21.1    3.1     10.3    4.9     4.2     4.8     9.2     2.3     1.8     11.7    7.0     5.3     3.1     6.2     12.0    6.8     13.5    
19  13.2    6.3     14.3    5.0     7.4     9.7     18.0    9.7     10.4    18.8    20.7    6.1     14.4    6.2     39.3    12.8    13.5    6.3     3.4     0.0     16.2    4.0     10.9    22.2    2.6     10.0    2.7     6.8     8.1     7.5     2.0     1.9     14.9    3.9     2.7     1.8     2.9     11.5    6.0     12.8    
20  15.0    10.9    17.0    20.8    12.4    6.5     2.9     8.2     6.1     2.7     5.1     22.2    2.3     21.3    26.5    18.9    15.2    22.0    16.9    16.2    0.0     15.4    16.1    11.6    14.2    6.7     18.8    21.0    17.6    9.2     17.7    15.7    20.3    18.1    14.0    18.0    16.1    4.9     22.2    3.5     
21  16.2    4.5     17.5    5.8     10.0    9.1     17.6    10.8    9.4     18.1    20.3    7.5     14.0    6.0     40.3    16.4    16.5    6.9     7.3     4.0     15.4    0.0     14.3    23.3    5.4     10.3    4.8     10.8    11.9    6.2     5.8     5.6     18.6    2.9     2.8     5.3     1.3     11.3    8.0     12.3    
22  3.0     13.1    3.4     15.1    5.0     12.1    16.0    8.3     13.1    17.6    18.2    15.4    13.8    16.7    31.7    2.8     3.2     16.1    8.1     10.9    16.1    14.3    0.0     15.4    8.9     10.2    12.9    9.1     3.9     12.6    10.4    9.0     4.8     14.8    11.6    11.2    13.5    11.8    14.5    13.2    
23  12.6    19.4    13.8    27.2    15.2    14.9    8.8     12.6    15.2    10.2    8.5     28.2    11.0    28.3    17.1    17.0    12.6    28.5    21.1    22.2    11.6    23.3    15.4    0.0     19.6    13.1    24.9    23.8    18.8    17.8    22.9    20.8    17.3    25.4    20.9    23.5    23.4    12.6    27.8    12.4    
24  10.9    5.5     12.2    7.6     4.9     7.8     15.7    7.2     8.6     16.6    18.4    8.7     12.2    8.8     36.7    11.1    11.2    8.9     3.1     2.6     14.2    5.4     8.9     19.6    0.0     7.7     5.3     7.4     6.8     6.1     3.6     1.6     13.2    6.2     2.8     4.0     4.7     9.3     8.4     10.7    
25  10.0    6.3     12.0    14.9    5.8     2.3     8.0     1.9     3.2     9.0     10.7    16.1    4.6     15.7    30.0    13.0    10.3    16.1    10.3    10.0    6.7     10.3    10.2    13.1    7.7     0.0     12.7    14.2    11.0    4.7     11.3    9.2     14.8    12.6    8.2     11.7    10.6    1.8     16.0    3.4     
26  15.5    8.4     16.3    2.3     10.0    12.3    20.6    12.5    12.9    21.4    23.3    3.4     17.1    3.7     42.0    14.4    15.7    3.5     4.9     2.7     18.8    4.8     12.9    24.9    5.3     12.7    0.0     6.7     9.6     9.8     2.6     4.2     16.4    2.7     4.9     1.8     3.5     14.2    3.5     15.4    
27  12.1    12.7    12.1    8.1     9.1     14.9    22.0    13.1    15.8    23.2    24.6    7.5     18.8    9.7     40.5    9.3     12.2    8.6     4.2     6.8     21.0    10.8    9.1     23.8    7.4     14.2    6.7     0.0     5.2     13.5    5.0     5.9     11.0    9.4     9.3     5.5     9.5     16.0    6.4     17.5    
28  6.9     11.9    7.1     11.7    5.2     12.4    18.1    9.4     13.4    19.5    20.5    11.7    15.3    13.3    35.4    4.8     7.0     12.6    4.8     8.1     17.6    11.9    3.9     18.8    6.8     11.0    9.6     5.2     0.0     12.0    7.1     6.3     6.8     11.8    9.5     7.9     10.9    12.8    10.8    14.4    
29  13.4    1.8     15.2    11.6    7.6     3.0     11.4    6.0     3.2     11.9    14.1    13.1    7.8     12.1    34.4    15.4    13.7    12.8    9.2     7.5     9.2     6.2     12.6    17.8    6.1     4.7     9.8     13.5    12.0    0.0     9.3     7.6     17.4    8.9     4.9     9.3     6.9     5.3     13.3    6.1     
30  13.0    8.2     13.8    4.8     7.8     11.3    19.3    10.7    12.0    20.2    22.0    5.3     15.8    6.3     40.0    11.9    13.2    5.9     2.3     2.0     17.7    5.8     10.4    22.9    3.6     11.3    2.6     5.0     7.1     9.3     0.0     2.1     13.9    4.8     4.6     0.8     4.6     12.9    4.9     14.3    
31  11.4    6.8     12.4    6.6     5.8     9.3     17.2    8.6     10.1    18.2    19.9    7.4     13.7    7.9     37.9    10.9    11.6    7.7     1.8     1.9     15.7    5.6     9.0     20.8    1.6     9.2     4.2     5.9     6.3     7.6     2.1     0.0     13.0    5.7     3.5     2.7     4.7     10.9    7.0     12.3    
32  5.4     17.8    3.7     18.4    9.8     16.8    19.8    12.9    17.8    21.5    21.8    18.3    18.1    20.0    32.3    2.1     5.3     19.2    11.7    14.9    20.3    18.6    4.8     17.3    13.2    14.8    16.4    11.0    6.8     17.4    13.9    13.0    0.0     18.6    16.0    14.7    17.7    16.4    17.3    17.7    
33  17.1    7.2     18.1    3.0     11.1    11.7    20.2    12.8    12.1    20.8    22.9    4.8     16.6    3.2     42.5    16.5    17.3    4.1     7.0     3.9     18.1    2.9     14.8    25.4    6.2     12.6    2.7     9.4     11.8    8.9     4.8     5.7     18.6    0.0     4.5     4.1     2.1     13.8    5.4     14.9    
34  13.4    3.6     14.8    6.8     7.2     7.4     15.9    8.3     8.0     16.6    18.6    8.3     12.3    7.6     38.0    13.8    13.7    8.1     5.3     2.7     14.0    2.8     11.6    20.9    2.8     8.2     4.9     9.3     9.5     4.9     4.6     3.5     16.0    4.5     0.0     4.5     2.5     9.4     8.4     10.6    
35  13.7    8.1     14.6    4.0     8.4     11.5    19.6    11.2    12.2    20.5    22.3    4.7     16.1    5.5     40.6    12.7    14.0    5.1     3.1     1.8     18.0    5.3     11.2    23.5    4.0     11.7    1.8     5.5     7.9     9.3     0.8     2.7     14.7    4.1     4.5     0.0     4.0     13.2    4.4     14.6    
36  15.6    5.2     16.8    4.8     9.5     9.6     18.2    10.8    10.0    18.8    20.8    6.4     14.5    5.2     40.5    15.5    15.9    6.0     6.2     2.9     16.1    1.3     13.5    23.4    4.7     10.6    3.5     9.5     10.9    6.9     4.6     4.7     17.7    2.1     2.5     4.0     0.0     11.8    6.8     12.9    
37  11.4    7.0     13.4    16.2    7.6     2.3     6.5     3.6     2.6     7.3     9.2     17.6    2.9     17.0    29.2    14.7    11.6    17.5    12.0    11.5    4.9     11.3    11.8    12.6    9.3     1.8     14.2    16.0    12.8    5.3     12.9    10.9    16.4    13.8    9.4     13.2    11.8    0.0     17.5    1.5     
38  17.4    11.9    17.9    2.5     12.6    15.7    24.0    15.6    16.3    24.8    26.7    1.2     20.4    3.8     44.8    15.4    17.6    2.4     6.8     6.0     22.2    8.0     14.5    27.8    8.4     16.0    3.5     6.4     10.8    13.3    4.9     7.0     17.3    5.4     8.4     4.4     6.8     17.5    0.0     18.8    
39  12.6    7.9     14.6    17.4    9.1     3.2     5.3     5.0     3.0     6.0     8.0     18.8    1.7     18.1    28.6    16.1    12.9    18.7    13.5    12.8    3.5     12.3    13.2    12.4    10.7    3.4     15.4    17.5    14.4    6.1     14.3    12.3    17.7    14.9    10.6    14.6    12.9    1.5     18.8    0.0     
