    0       1       2       3       4       5       6       7       8       9       10      11      12      13      14      15      16      17      18      19      20      21      22      23      24      25      26      27      28      29      30      31      32      33      34      35      36      37      38      39      
0   0.0     3.5     4.7     9.7     12.6    12.8    5.8     9.0     6.1     8.5     6.2     14.5    12.7    14.3    8.9     15.7    8.8     7.7     12.6    6.3     8.6     15.5    6.3     5.8     12.0    7.7     11.8    3.5     12.6    13.4    7.7     11.8    29.7    14.9    11.6    15.0    10.4    9.5     9.7     10.9    
1   3.5     0.0     7.0     13.0    15.6    16.2    9.1     5.5     9.5     10.7    9.1     17.9    16.0    17.8    10.3    18.8    10.4    11.1    15.6    8.7     11.6    18.6    8.7     9.2     15.2    11.1    8.4     4.5     15.6    16.8    10.4    15.2    27.3    18.3    14.4    18.3    13.8    11.9    6.2     13.2    
2   4.7     7.0     0.0     10.7    8.9     12.8    7.6     11.9    4.7     3.8     2.6     12.2    9.8     13.9    4.3     12.1    4.2     8.7     8.9     1.8     10.7    11.9    1.8     4.3     8.8     6.1     15.0    2.6     8.9     13.7    10.5    12.3    34.2    12.4    14.0    11.8    10.6    5.0     11.8    14.0    
3   9.7     13.0    10.7    0.0     11.2    3.6     3.9     18.2    6.3     12.0    9.1     8.8     9.2     5.4     14.2    12.9    13.9    2.0     11.2    10.7    2.6     12.7    10.7    6.7     9.4     5.7     20.6    11.9    11.2    3.8     4.0     2.2     34.6    9.8     4.3     11.3    1.8     12.1    19.3    6.0     
4   12.6    15.6    8.9     11.2    0.0     10.6    11.1    20.8    7.1     5.9     6.5     5.5     2.7     10.4    8.3     3.2     8.0     10.3    0.0     7.2     13.0    3.0     7.2     7.2     1.9     6.2     23.9    11.5    0.0     11.6    13.8    11.1    42.2    5.0     15.5    3.3     9.8     4.9     20.6    16.9    
5   12.8    16.2    12.8    3.6     10.6    0.0     7.2     21.6    8.1     13.1    10.7    6.6     8.1     1.8     15.5    11.5    15.3    5.1     10.6    12.4    6.0     11.3    12.4    8.5     8.7     6.9     24.0    14.5    10.6    1.1     7.5     1.5     38.0    7.7     6.4     9.7     2.4     12.9    22.5    8.7     
6   5.8     9.1     7.6     3.9     11.1    7.2     0.0     14.4    4.4     9.9     6.9     10.7    10.0    8.9     11.6    13.6    11.4    2.1     11.1    8.2     3.1     13.4    8.2     4.5     9.7     4.9     16.8    8.3     11.1    7.7     3.0     6.1     32.1    11.5    6.3     12.4    4.9     10.4    15.3    6.5     
7   9.0     5.5     11.9    18.2    20.8    21.6    14.4    0.0     15.0    15.5    14.4    23.4    21.4    23.2    14.4    24.0    14.5    16.4    20.8    13.6    16.5    23.8    13.6    14.7    20.5    16.6    3.1     9.3     20.8    22.1    15.2    20.4    23.7    23.8    19.0    23.6    19.2    16.7    2.2     17.3    
8   6.1     9.5     4.7     6.3     7.1     8.1     4.4     15.0    0.0     5.7     2.8     8.4     6.7     9.2     7.8     10.0    7.6     4.5     7.1     4.4     7.0     9.8     4.4     0.4     6.1     1.6     17.9    6.6     7.1     9.0     7.3     7.6     35.2    8.8     10.1    9.1     5.9     6.1     15.4    10.8    
9   8.5     10.7    3.8     12.0    5.9     13.1    9.9     15.5    5.7     0.0     3.0     10.5    7.7     13.6    2.6     9.0     2.3     10.3    5.9     2.2     12.7    8.9     2.2     5.5     6.5     6.3     18.6    6.2     5.9     14.1    12.9    13.0    38.0    10.3    15.8    9.2     11.3    1.2     15.0    16.4    
10  6.2     9.1     2.6     9.1     6.5     10.7    6.9     14.4    2.8     3.0     0.0     9.6     7.2     11.6    5.0     9.7     4.8     7.3     6.5     1.7     9.7     9.5     1.7     2.5     6.2     3.8     17.4    5.2     6.5     11.7    9.8     10.4    35.9    9.7     12.9    9.3     8.7     3.7     14.3    13.3    
11  14.5    17.9    12.2    8.8     5.5     6.6     10.7    23.4    8.4     10.5    9.6     0.0     2.9     5.7     13.1    5.1     12.8    9.0     5.5     10.9    11.3    4.9     10.9    8.7     4.0     6.8     26.3    14.6    5.5     7.5     12.6    7.7     42.8    1.0     12.8    3.2     7.1     9.7     23.7    14.8    
12  12.7    16.0    9.8     9.2     2.7     8.1     10.0    21.4    6.7     7.7     7.2     2.9     0.0     7.7     10.3    3.7     10.0    8.8     2.7     8.4     11.3    3.5     8.4     6.9     1.2     5.3     24.4    12.4    2.7     9.1     12.4    8.8     41.8    2.6     13.5    2.4     7.6     6.9     21.5    15.1    
13  14.3    17.8    13.9    5.4     10.4    1.8     8.9     23.2    9.2     13.6    11.6    5.7     7.7     0.0     16.2    10.7    15.9    6.8     10.4    13.2    7.8     10.6    13.2    9.6     8.5     7.8     25.7    15.7    10.4    2.2     9.4     3.3     39.9    6.7     8.1     8.9     4.0     13.3    24.0    10.5    
14  8.9     10.3    4.3     14.2    8.3     15.5    11.6    14.4    7.8     2.6     5.0     13.1    10.3    16.2    0.0     11.2    0.3     12.3    8.3     3.5     14.6    11.1    3.5     7.5     9.1     8.7     17.5    5.8     8.3     16.5    14.5    15.3    37.6    12.9    17.8    11.6    13.6    3.4     13.6    18.1    
15  15.7    18.8    12.1    12.9    3.2     11.5    13.6    24.0    10.0    9.0     9.7     5.1     3.7     10.7    11.2    0.0     10.9    12.5    3.2     10.4    15.1    0.2     10.4    10.1    3.9     8.8     27.1    14.7    3.2     12.4    16.1    12.4    45.2    4.1     17.2    1.8     11.3    7.9     23.8    18.9    
16  8.8     10.4    4.2     13.9    8.0     15.3    11.4    14.5    7.6     2.3     4.8     12.8    10.0    15.9    0.3     10.9    0.0     12.1    8.0     3.3     14.4    10.8    3.3     7.3     8.8     8.5     17.7    5.9     8.0     16.3    14.4    15.1    37.6    12.6    17.6    11.3    13.4    3.1     13.8    17.9    
17  7.7     11.1    8.7     2.0     10.3    5.1     2.1     16.4    4.5     10.3    7.3     9.0     8.8     6.8     12.3    12.5    12.1    0.0     10.3    8.9     2.7     12.3    8.9     4.8     8.7     4.3     18.9    9.9     10.3    5.7     3.6     4.0     33.8    9.9     5.6     11.1    2.8     10.5    17.4    6.6     
18  12.6    15.6    8.9     11.2    0.0     10.6    11.1    20.8    7.1     5.9     6.5     5.5     2.7     10.4    8.3     3.2     8.0     10.3    0.0     7.2     13.0    3.0     7.2     7.2     1.9     6.2     23.9    11.5    0.0     11.6    13.8    11.1    42.2    5.0     15.5    3.3     9.8     4.9     20.6    16.9    
19  6.3     8.7     1.8     10.7    7.2     12.4    8.2     13.6    4.4     2.2     1.7     10.9    8.4     13.2    3.5     10.4    3.3     8.9     7.2     0.0     11.2    10.3    0.0     4.1     7.3     5.5     16.8    4.3     7.2     13.3    11.1    12.0    35.9    11.0    14.3    10.3    10.3    3.2     13.4    14.6    
20  8.6     11.6    10.7    2.6     13.0    6.0     3.1     16.5    7.0     12.7    9.7     11.3    11.3    7.8     14.6    15.1    14.4    2.7     13.0    11.2    0.0     14.9    11.2    7.3     11.4    7.0     18.6    11.4    13.0    6.1     1.6     4.6     32.1    12.2    3.2     13.6    4.3     13.1    17.8    3.9     
21  15.5    18.6    11.9    12.7    3.0     11.3    13.4    23.8    9.8     8.9     9.5     4.9     3.5     10.6    11.1    0.2     10.8    12.3    3.0     10.3    14.9    0.0     10.3    10.0    3.7     8.6     26.9    14.5    3.0     12.2    15.9    12.2    45.0    4.0     17.0    1.7     11.1    7.8     23.7    18.6    
22  6.3     8.7     1.8     10.7    7.2     12.4    8.2     13.6    4.4     2.2     1.7     10.9    8.4     13.2    3.5     10.4    3.3     8.9     7.2     0.0     11.2    10.3    0.0     4.1     7.3     5.5     16.8    4.3     7.2     13.3    11.1    12.0    35.9    11.0    14.3    10.3    10.3    3.2     13.4    14.6    
23  5.8     9.2     4.3     6.7     7.2     8.5     4.5     14.7    0.4     5.5     2.5     8.7     6.9     9.6     7.5     10.1    7.3     4.8     7.2     4.1     7.3     10.0    4.1     0.0     6.3     2.0     17.6    6.2     7.2     9.4     7.5     8.0     35.1    9.1     10.4    9.3     6.3     5.9     15.0    10.9    
24  12.0    15.2    8.8     9.4     1.9     8.7     9.7     20.5    6.1     6.5     6.2     4.0     1.2     8.5     9.1     3.9     8.8     8.7     1.9     7.3     11.4    3.7     7.3     6.3     0.0     4.9     23.6    11.4    1.9     9.8     12.3    9.3     41.3    3.8     13.7    3.1     8.0     5.7     20.6    15.2    
25  7.7     11.1    6.1     5.7     6.2     6.9     4.9     16.6    1.6     6.3     3.8     6.8     5.3     7.8     8.7     8.8     8.5     4.3     6.2     5.5     7.0     8.6     5.5     2.0     4.9     0.0     19.5    8.2     6.2     7.8     7.7     6.6     36.5    7.3     9.9     7.7     5.0     6.4     17.0    10.9    
26  11.8    8.4     15.0    20.6    23.9    24.0    16.8    3.1     17.9    18.6    17.4    26.3    24.4    25.7    17.5    27.1    17.7    18.9    23.9    16.8    18.6    26.9    16.8    17.6    23.6    19.5    0.0     12.4    23.9    24.4    17.2    22.8    20.9    26.7    20.8    26.6    21.6    19.8    4.4     18.9    
27  3.5     4.5     2.6     11.9    11.5    14.5    8.3     9.3     6.6     6.2     5.2     14.6    12.4    15.7    5.8     14.7    5.9     9.9     11.5    4.3     11.4    14.5    4.3     6.2     11.4    8.2     12.4    0.0     11.5    15.3    10.7    13.7    31.9    14.9    14.5    14.4    12.1    7.4     9.2     14.1    
28  12.6    15.6    8.9     11.2    0.0     10.6    11.1    20.8    7.1     5.9     6.5     5.5     2.7     10.4    8.3     3.2     8.0     10.3    0.0     7.2     13.0    3.0     7.2     7.2     1.9     6.2     23.9    11.5    0.0     11.6    13.8    11.1    42.2    5.0     15.5    3.3     9.8     4.9     20.6    16.9    
29  13.4    16.8    13.7    3.8     11.6    1.1     7.7     22.1    9.0     14.1    11.7    7.5     9.1     2.2     16.5    12.4    16.3    5.7     11.6    13.3    6.1     12.2    13.3    9.4     9.8     7.8     24.4    15.3    11.6    0.0     7.6     1.6     37.9    8.6     5.9     10.6    3.1     13.9    23.0    8.4     
30  7.7     10.4    10.5    4.0     13.8    7.5     3.0     15.2    7.3     12.9    9.8     12.6    12.4    9.4     14.5    16.1    14.4    3.6     13.8    11.1    1.6     15.9    11.1    7.5     12.3    7.7     17.2    10.7    13.8    7.6     0.0     6.1     30.6    13.4    4.0     14.7    5.7     13.4    16.5    3.5     
31  11.8    15.2    12.3    2.2     11.1    1.5     6.1     20.4    7.6     13.0    10.4    7.7     8.8     3.3     15.3    12.4    15.1    4.0     11.1    12.0    4.6     12.2    12.0    8.0     9.3     6.6     22.8    13.7    11.1    1.6     6.1     0.0     36.6    8.8     5.1     10.6    1.7     12.9    21.4    7.3     
32  29.7    27.3    34.2    34.6    42.2    38.0    32.1    23.7    35.2    38.0    35.9    42.8    41.8    39.9    37.6    45.2    37.6    33.8    42.2    35.9    32.1    45.0    35.9    35.1    41.3    36.5    20.9    31.9    42.2    37.9    30.6    36.6    0.0     43.5    32.2    44.2    36.3    39.1    25.3    29.7    
33  14.9    18.3    12.4    9.8     5.0     7.7     11.5    23.8    8.8     10.3    9.7     1.0     2.6     6.7     12.9    4.1     12.6    9.9     5.0     11.0    12.2    4.0     11.0    9.1     3.8     7.3     26.7    14.9    5.0     8.6     13.4    8.8     43.5    0.0     13.8    2.3     8.0     9.5     24.0    15.7    
34  11.6    14.4    14.0    4.3     15.5    6.4     6.3     19.0    10.1    15.8    12.9    12.8    13.5    8.1     17.8    17.2    17.6    5.6     15.5    14.3    3.2     17.0    14.3    10.4    13.7    9.9     20.8    14.5    15.5    5.9     4.0     5.1     32.2    13.8    0.0     15.5    5.8     16.1    20.4    2.5     
35  15.0    18.3    11.8    11.3    3.3     9.7     12.4    23.6    9.1     9.2     9.3     3.2     2.4     8.9     11.6    1.8     11.3    11.1    3.3     10.3    13.6    1.7     10.3    9.3     3.1     7.7     26.6    14.4    3.3     10.6    14.7    10.6    44.2    2.3     15.5    0.0     9.7     8.2     23.6    17.3    
36  10.4    13.8    10.6    1.8     9.8     2.4     4.9     19.2    5.9     11.3    8.7     7.1     7.6     4.0     13.6    11.3    13.4    2.8     9.8     10.3    4.3     11.1    10.3    6.3     8.0     5.0     21.6    12.1    9.8     3.1     5.7     1.7     36.3    8.0     5.8     9.7     0.0     11.2    20.1    7.7     
37  9.5     11.9    5.0     12.1    4.9     12.9    10.4    16.7    6.1     1.2     3.7     9.7     6.9     13.3    3.4     7.9     3.1     10.5    4.9     3.2     13.1    7.8     3.2     5.9     5.7     6.4     19.8    7.4     4.9     13.9    13.4    12.9    39.1    9.5     16.1    8.2     11.2    0.0     16.2    16.8    
38  9.7     6.2     11.8    19.3    20.6    22.5    15.3    2.2     15.4    15.0    14.3    23.7    21.5    24.0    13.6    23.8    13.8    17.4    20.6    13.4    17.8    23.7    13.4    15.0    20.6    17.0    4.4     9.2     20.6    23.0    16.5    21.4    25.3    24.0    20.4    23.6    20.1    16.2    0.0     18.9    
39  10.9    13.2    14.0    6.0     16.9    8.7     6.5     17.3    10.8    16.4    13.3    14.8    15.1    10.5    18.1    18.9    17.9    6.6     16.9    14.6    3.9     18.6    14.6    10.9    15.2    10.9    18.9    14.1    16.9    8.4     3.5     7.3     29.7    15.7    2.5     17.3    7.7     16.8    18.9    0.0     
