    0       1       2       3       4       5       6       7       8       9       10      11      12      13      14      15      16      17      18      19      20      21      22      23      24      25      26      27      28      29      30      31      32      33      34      35      36      37      38      39      
0   0.0     10.9    12.2    3.1     23.3    10.4    14.0    18.0    11.2    14.8    10.4    4.4     17.0    10.8    10.2    9.3     2.0     7.7     19.7    9.6     14.1    20.6    8.2     0.2     6.0     24.7    2.6     16.1    3.9     3.6     13.1    6.7     1.9     11.7    18.2    28.2    8.9     14.9    13.1    19.7    
1   10.9    0.0     3.2     8.0     14.5    3.3     16.4    18.6    0.3     14.6    3.3     12.9    17.6    16.1    10.0    2.8     9.0     7.8     11.1    4.8     7.4     11.9    4.0     10.9    5.2     15.1    11.8    7.7     12.6    10.0    16.0    12.1    9.2     0.8     20.3    21.6    15.4    11.0    2.4     20.2    
2   12.2    3.2     0.0     9.1     11.7    1.9     14.5    16.1    3.3     12.2    1.9     13.2    15.2    15.1    8.2     3.0     10.6    6.9     8.1     3.4     4.3     9.0     4.0     12.3    6.3     12.6    12.5    4.6     12.9    10.3    14.2    11.6    10.8    2.8     18.1    18.4    14.7    8.1     2.4     17.7    
3   3.1     8.0     9.1     0.0     20.2    7.2     12.9    16.5    8.3     13.0    7.2     5.4     15.5    10.6    7.9     6.2     2.0     5.1     16.6    6.5     11.0    17.5    5.1     3.2     2.9     21.5    3.9     13.0    5.0     2.7     12.1    6.1     2.1     8.8     17.2    25.4    9.1     12.2    10.1    18.3    
4   23.3    14.5    11.7    20.2    0.0     13.2    19.0    17.8    14.3    15.4    13.2    23.1    17.4    22.0    15.4    14.5    22.0    16.3    3.6     13.7    9.4     2.7     15.2    23.4    17.6    2.6     22.9    7.2     22.9    20.6    19.4    20.4    22.1    13.7    20.5    8.8     22.6    10.8    12.2    18.4    
5   10.4    3.3     1.9     7.2     13.2    0.0     13.2    15.3    3.5     11.3    0.0     11.3    14.3    13.4    6.9     1.3     8.9     5.1     9.6     1.7     4.7     10.5    2.1     10.4    4.5     14.3    10.6    6.0     11.0    8.4     12.9    9.8     9.0     3.4     17.1    19.4    12.9    7.8     3.8     17.0    
6   14.0    16.4    14.5    12.9    19.0    13.2    0.0     4.3     16.6    3.7     13.2    10.2    3.6     4.4     6.4     13.6    14.5    8.9     16.4    11.6    11.8    17.1    12.6    14.1    13.1    21.4    11.6    14.4    10.5    10.5    0.9     7.3     14.5    16.6    4.3     19.3    6.3     8.5     16.8    6.0     
7   18.0    18.6    16.1    16.5    17.8    15.3    4.3     0.0     18.8    4.0     15.3    14.5    1.0     8.7     9.0     16.0    18.3    12.0    15.8    13.9    12.6    16.4    15.2    18.1    16.2    20.4    15.7    14.8    14.7    14.4    5.2     11.4    18.3    18.6    2.7     16.3    10.6    8.6     18.5    1.8     
8   11.2    0.3     3.3     8.3     14.3    3.5     16.6    18.8    0.0     14.8    3.5     13.2    17.8    16.4    10.2    3.1     9.3     8.1     11.0    5.0     7.5     11.8    4.3     11.2    5.5     14.9    12.1    7.7     12.9    10.3    16.2    12.4    9.5     0.6     20.5    21.6    15.6    11.1    2.2     20.4    
9   14.8    14.6    12.2    13.0    15.4    11.3    3.7     4.0     14.8    0.0     11.3    11.9    3.0     7.5     5.2     12.0    14.9    8.2     12.9    9.9     8.9     13.5    11.2    15.0    12.4    17.8    12.9    11.3    12.0    11.2    4.2     8.6     14.9    14.7    6.0     15.8    8.9     5.1     14.6    5.7     
10  10.4    3.3     1.9     7.2     13.2    0.0     13.2    15.3    3.5     11.3    0.0     11.3    14.3    13.4    6.9     1.3     8.9     5.1     9.6     1.7     4.7     10.5    2.1     10.4    4.5     14.3    10.6    6.0     11.0    8.4     12.9    9.8     9.0     3.4     17.1    19.4    12.9    7.8     3.8     17.0    
11  4.4     12.9    13.2    5.4     23.1    11.3    10.2    14.5    13.2    11.9    11.3    0.0     13.6    6.6     8.2     10.6    5.8     6.8     19.6    10.0    13.7    20.5    9.3     4.5     7.7     24.8    1.8     16.2    0.4     3.0     9.3     3.3     5.7     13.6    14.3    26.7    4.6     13.3    14.8    16.2    
12  17.0    17.6    15.2    15.5    17.4    14.3    3.6     1.0     17.8    3.0     14.3    13.6    0.0     8.0     8.0     15.0    17.3    10.9    15.2    12.9    11.8    15.8    14.2    17.2    15.2    19.9    14.8    14.0    13.8    13.5    4.5     10.5    17.3    17.7    3.2     16.3    9.8     7.8     17.6    2.8     
13  10.8    16.1    15.1    10.6    22.0    13.4    4.4     8.7     16.4    7.5     13.4    6.6     8.0     0.0     7.1     13.3    11.8    8.3     18.9    11.8    13.6    19.7    12.1    10.9    11.8    24.2    8.2     16.3    6.9     7.9     3.6     4.5     11.7    16.6    8.0     23.3    2.0     11.2    17.2    10.2    
14  10.2    10.0    8.2     7.9     15.4    6.9     6.4     9.0     10.2    5.2     6.9     8.2     8.0     7.1     0.0     7.2     9.9     3.0     12.1    5.2     6.5     12.9    6.3     10.3    7.2     17.4    8.6     9.2     8.1     6.6     6.0     5.2     9.9     10.2    10.4    18.5    7.3     5.1     10.5    10.8    
15  9.3     2.8     3.0     6.2     14.5    1.3     13.6    16.0    3.1     12.0    1.3     10.6    15.0    13.3    7.2     0.0     7.7     5.0     10.9    2.2     6.0     11.8    1.3     9.3     3.3     15.6    9.7     7.3     10.3    7.6     13.2    9.4     7.8     3.2     17.6    20.7    12.6    8.9     4.2     17.7    
16  2.0     9.0     10.6    2.0     22.0    8.9     14.5    18.3    9.3     14.9    8.9     5.8     17.3    11.8    9.9     7.7     0.0     7.1     18.4    8.4     12.9    19.3    6.8     2.0     4.4     23.2    4.1     14.8    5.4     4.0     13.7    7.4     0.2     9.9     18.8    27.4    10.1    14.2    11.3    20.1    
17  7.7     7.8     6.9     5.1     16.3    5.1     8.9     12.0    8.1     8.2     5.1     6.8     10.9    8.3     3.0     5.0     7.1     0.0     12.7    3.5     6.9     13.7    3.8     7.8     4.3     18.0    6.7     9.4     6.6     4.4     8.4     4.7     7.2     8.2     13.1    20.6    7.8     7.2     8.9     13.7    
18  19.7    11.1    8.1     16.6    3.6     9.6     16.4    15.8    11.0    12.9    9.6     19.6    15.2    18.9    12.1    10.9    18.4    12.7    0.0     10.1    5.8     0.9     11.6    19.8    14.0    5.3     19.3    3.6     19.4    17.1    16.6    17.0    18.5    10.4    18.4    11.0    19.3    7.9     9.0     16.7    
19  9.6     4.8     3.4     6.5     13.7    1.7     11.6    13.9    5.0     9.9     1.7     10.0    12.9    11.8    5.2     2.2     8.4     3.5     10.1    0.0     4.6     11.0    1.8     9.7     4.1     15.1    9.4     6.5     9.7     7.2     11.2    8.2     8.5     5.0     15.5    19.2    11.3    6.9     5.4     15.5    
20  14.1    7.4     4.3     11.0    9.4     4.7     11.8    12.6    7.5     8.9     4.7     13.7    11.8    13.6    6.5     6.0     12.9    6.9     5.8     4.6     0.0     6.8     6.3     14.1    8.7     11.1    13.5    2.7     13.5    11.2    11.8    11.2    13.0    7.1     14.8    14.7    13.8    4.1     6.4     14.0    
21  20.6    11.9    9.0     17.5    2.7     10.5    17.1    16.4    11.8    13.5    10.5    20.5    15.8    19.7    12.9    11.8    19.3    13.7    0.9     11.0    6.8     0.0     12.5    20.7    14.9    4.5     20.3    4.5     20.3    18.0    17.3    17.9    19.4    11.2    19.0    10.4    20.2    8.7     9.7     17.2    
22  8.2     4.0     4.0     5.1     15.2    2.1     12.6    15.2    4.3     11.2    2.1     9.3     14.2    12.1    6.3     1.3     6.8     3.8     11.6    1.8     6.3     12.5    0.0     8.3     2.4     16.5    8.5     8.0     9.0     6.3     12.1    8.1     6.9     4.5     16.7    21.0    11.3    8.6     5.5     16.9    
23  0.2     10.9    12.3    3.2     23.4    10.4    14.1    18.1    11.2    15.0    10.4    4.5     17.2    10.9    10.3    9.3     2.0     7.8     19.8    9.7     14.1    20.7    8.3     0.0     6.0     24.7    2.7     16.2    4.1     3.7     13.2    6.8     1.8     11.7    18.4    28.3    9.1     15.0    13.1    19.9    
24  6.0     5.2     6.3     2.9     17.6    4.5     13.1    16.2    5.5     12.4    4.5     7.7     15.2    11.8    7.2     3.3     4.4     4.3     14.0    4.1     8.7     14.9    2.4     6.0     0.0     18.8    6.6     10.4    7.4     4.8     12.5    7.4     4.5     6.0     17.4    23.3    10.6    10.6    7.2     18.0    
25  24.7    15.1    12.6    21.5    2.6     14.3    21.4    20.4    14.9    17.8    14.3    24.8    19.9    24.2    17.4    15.6    23.2    18.0    5.3     15.1    11.1    4.5     16.5    24.7    18.8    0.0     24.5    8.6     24.6    22.2    21.7    22.3    23.4    14.3    23.1    10.6    24.7    13.1    12.7    21.0    
26  2.6     11.8    12.5    3.9     22.9    10.6    11.6    15.7    12.1    12.9    10.6    1.8     14.8    8.2     8.6     9.7     4.1     6.7     19.3    9.4     13.5    20.3    8.5     2.7     6.6     24.5    0.0     15.9    1.4     2.3     10.7    4.3     4.0     12.6    15.8    27.1    6.3     13.6    13.8    17.5    
27  16.1    7.7     4.6     13.0    7.2     6.0     14.4    14.8    7.7     11.3    6.0     16.2    14.0    16.3    9.2     7.3     14.8    9.4     3.6     6.5     2.7     4.5     8.0     16.2    10.4    8.6     15.9    0.0     16.0    13.6    14.5    13.9    14.9    7.1     17.2    13.9    16.5    6.2     5.9     16.1    
28  3.9     12.6    12.9    5.0     22.9    11.0    10.5    14.7    12.9    12.0    11.0    0.4     13.8    6.9     8.1     10.3    5.4     6.6     19.4    9.7     13.5    20.3    9.0     4.1     7.4     24.6    1.4     16.0    0.0     2.6     9.6     3.4     5.3     13.3    14.6    26.6    5.0     13.2    14.4    16.4    
29  3.6     10.0    10.3    2.7     20.6    8.4     10.5    14.4    10.3    11.2    8.4     3.0     13.5    7.9     6.6     7.6     4.0     4.4     17.1    7.2     11.2    18.0    6.3     3.7     4.8     22.2    2.3     13.6    2.6     0.0     9.7     3.4     4.0     10.6    14.9    24.9    6.4     11.5    11.8    16.2    
30  13.1    16.0    14.2    12.1    19.4    12.9    0.9     5.2     16.2    4.2     12.9    9.3     4.5     3.6     6.0     13.2    13.7    8.4     16.6    11.2    11.8    17.3    12.1    13.2    12.5    21.7    10.7    14.5    9.6     9.7     0.0     6.4     13.6    16.2    5.2     20.0    5.4     8.7     16.5    6.9     
31  6.7     12.1    11.6    6.1     20.4    9.8     7.3     11.4    12.4    8.6     9.8     3.3     10.5    4.5     5.2     9.4     7.4     4.7     17.0    8.2     11.2    17.9    8.1     6.8     7.4     22.3    4.3     13.9    3.4     3.4     6.4     0.0     7.4     12.7    11.6    23.5    3.3     10.2    13.5    13.2    
32  1.9     9.2     10.8    2.1     22.1    9.0     14.5    18.3    9.5     14.9    9.0     5.7     17.3    11.7    9.9     7.8     0.2     7.2     18.5    8.5     13.0    19.4    6.9     1.8     4.5     23.4    4.0     14.9    5.3     4.0     13.6    7.4     0.0     10.0    18.8    27.5    10.0    14.3    11.5    20.1    
33  11.7    0.8     2.8     8.8     13.7    3.4     16.6    18.6    0.6     14.7    3.4     13.6    17.7    16.6    10.2    3.2     9.9     8.2     10.4    5.0     7.1     11.2    4.5     11.7    6.0     14.3    12.6    7.1     13.3    10.6    16.2    12.7    10.0    0.0     20.4    21.0    15.9    10.8    1.6     20.3    
34  18.2    20.3    18.1    17.2    20.5    17.1    4.3     2.7     20.5    6.0     17.1    14.3    3.2     8.0     10.4    17.6    18.8    13.1    18.4    15.5    14.8    19.0    16.7    18.4    17.4    23.1    15.8    17.2    14.6    14.9    5.2     11.6    18.8    20.4    0.0     18.8    10.0    11.0    20.5    3.0     
35  28.2    21.6    18.4    25.4    8.8     19.4    19.3    16.3    21.6    15.8    19.4    26.7    16.3    23.3    18.5    20.7    27.4    20.6    11.0    19.2    14.7    10.4    21.0    28.3    23.3    10.6    27.1    13.9    26.6    24.9    20.0    23.5    27.5    21.0    18.8    0.0     24.6    13.4    19.7    16.0    
36  8.9     15.4    14.7    9.1     22.6    12.9    6.3     10.6    15.6    8.9     12.9    4.6     9.8     2.0     7.3     12.6    10.1    7.8     19.3    11.3    13.8    20.2    11.3    9.1     10.6    24.7    6.3     16.5    5.0     6.4     5.4     3.3     10.0    15.9    10.0    24.6    0.0     12.0    16.7    12.2    
37  14.9    11.0    8.1     12.2    10.8    7.8     8.5     8.6     11.1    5.1     7.8     13.3    7.8     11.2    5.1     8.9     14.2    7.2     7.9     6.9     4.1     8.7     8.6     15.0    10.6    13.1    13.6    6.2     13.2    11.5    8.7     10.2    14.3    10.8    11.0    13.4    12.0    0.0     10.3    9.9     
38  13.1    2.4     2.4     10.1    12.2    3.8     16.8    18.5    2.2     14.6    3.8     14.8    17.6    17.2    10.5    4.2     11.3    8.9     9.0     5.4     6.4     9.7     5.5     13.1    7.2     12.7    13.8    5.9     14.4    11.8    16.5    13.5    11.5    1.6     20.5    19.7    16.7    10.3    0.0     20.0    
39  19.7    20.2    17.7    18.3    18.4    17.0    6.0     1.8     20.4    5.7     17.0    16.2    2.8     10.2    10.8    17.7    20.1    13.7    16.7    15.5    14.0    17.2    16.9    19.9    18.0    21.0    17.5    16.1    16.4    16.2    6.9     13.2    20.1    20.3    3.0     16.0    12.2    9.9     20.0    0.0     
