    0       1       2       3       4       5       6       7       8       9       10      11      12      13      14      15      16      17      18      19      20      21      22      23      24      25      26      27      28      29      30      31      32      33      34      35      36      37      38      39      
0   0.0     11.6    14.0    8.2     12.3    12.8    17.2    12.1    11.9    15.4    8.2     19.0    5.3     6.7     14.6    7.7     2.1     12.6    13.0    6.2     11.0    16.3    9.3     16.3    13.0    7.8     16.0    26.2    13.1    6.8     16.9    9.2     14.4    13.2    14.5    7.4     17.3    8.3     6.0     8.8     
1   11.6    0.0     12.3    19.4    1.9     2.0     9.7     23.2    10.2    5.4     14.8    13.1    12.9    15.6    3.6     6.3     12.8    10.5    11.6    16.7    21.9    12.1    7.8     12.1    7.1     14.7    25.1    36.3    1.6     5.8     10.9    6.0     11.4    16.3    10.9    4.2     9.6     19.6    6.2     10.8    
2   14.0    12.3    0.0     17.2    10.8    11.2    7.2     20.1    2.4     10.2    9.3     6.3     10.2    11.9    11.7    7.9     13.2    1.9     1.1     14.5    18.6    3.2     5.5     3.2     5.6     9.5     18.1    39.6    12.3    9.4     5.4     7.0     1.5     6.0     2.2     12.2    7.6     17.6    13.9    5.4     
3   8.2     19.4    17.2    0.0     19.7    20.2    22.7    3.9     15.9    22.2    8.1     23.3    7.4     5.3     22.0    14.1    6.6     16.5    16.4    2.9     2.8     20.2    14.6    20.2    18.7    7.7     9.1     23.3    20.7    13.8    21.7    15.4    18.2    13.3    18.6    15.4    22.9    0.4     14.2    12.3    
4   12.3    1.9     10.8    19.7    0.0     0.6     7.8     23.5    8.9     3.6     14.4    11.2    12.8    15.5    2.4     5.9     13.2    9.1     10.2    16.9    22.1    10.3    6.9     10.3    5.4     14.4    24.8    37.6    1.5     5.8     9.0     5.2     9.8     15.3    9.2     5.2     7.7     19.9    7.5     10.0    
5   12.8    2.0     11.2    20.2    0.6     0.0     7.8     24.0    9.3     3.4     15.0    11.3    13.4    16.1    1.8     6.4     13.7    9.5     10.6    17.5    22.7    10.6    7.4     10.6    5.8     15.0    25.3    38.0    1.1     6.4     9.2     5.7     10.2    15.8    9.6     5.7     7.7     20.5    7.9     10.6    
6   17.2    9.7     7.2     22.7    7.8     7.8     0.0     26.0    7.1     5.0     15.3    3.6     15.3    17.6    7.2     9.5     17.2    6.7     7.4     19.8    24.5    4.5     8.2     4.5     4.2     15.5    25.0    43.4    8.8     10.7    2.1     8.0     5.7     13.2    5.0     12.0    0.4     23.0    14.3    10.5    
7   12.1    23.2    20.1    3.9     23.5    24.0    26.0    0.0     19.0    25.9    10.8    26.3    10.9    8.4     25.7    17.8    10.5    19.6    19.3    6.5     1.5     23.2    18.1    23.2    22.1    10.6    7.4     22.5    24.5    17.6    24.9    19.0    21.1    15.4    21.7    19.3    26.2    3.8     18.1    15.5    
8   11.9    10.2    2.4     15.9    8.9     9.3     7.1     19.0    0.0     8.9     8.2     7.5     8.6     10.6    10.1    5.5     11.3    0.7     1.4     13.0    17.5    4.5     3.1     4.5     4.1     8.5     17.9    37.7    10.3    6.9     5.9     4.6     2.5     6.7     2.8     9.7     7.4     16.2    11.4    3.6     
9   15.4    5.4     10.2    22.2    3.6     3.4     5.0     25.9    8.9     0.0     16.0    8.6     15.0    17.7    2.2     8.2     16.0    8.8     9.9     19.4    24.5    8.7     8.1     8.7     4.8     16.1    26.3    41.1    4.1     8.7     6.7     6.9     8.9     15.6    8.2     8.8     4.7     22.5    11.1    11.3    
10  8.2     14.8    9.3     8.1     14.4    15.0    15.3    10.8    8.2     16.0    0.0     15.5    2.9     2.8     16.4    8.6     6.3     8.8     8.5     5.5     9.3     12.3    7.9     12.3    11.7    0.4     10.4    31.1    15.7    9.1     14.1    9.3     10.3    5.6     10.9    11.9    15.6    8.4     12.0    4.9     
11  19.0    13.1    6.3     23.3    11.2    11.3    3.6     26.3    7.5     8.6     15.5    0.0     16.1    18.0    10.8    11.6    18.6    6.8     7.0     20.5    24.8    3.1     9.6     3.1     6.5     15.7    24.3    45.1    12.3    12.9    2.3     10.2    5.2     12.1    4.7     14.8    3.9     23.7    17.0    11.1    
12  5.3     12.9    10.2    7.4     12.8    13.4    15.3    10.9    8.6     15.0    2.9     16.1    0.0     2.7     15.0    7.0     3.6     9.3     9.3     4.5     9.5     13.0    7.2     13.0    11.3    2.6     12.3    29.4    14.0    7.1     14.4    8.1     11.0    8.1     11.4    9.5     15.5    7.7     9.3     5.0     
13  6.7     15.6    11.9    5.3     15.5    16.1    17.6    8.4     10.6    17.7    2.8     18.0    2.7     0.0     17.7    9.7     4.7     11.3    11.0    2.7     7.0     14.9    9.7     14.9    13.7    2.4     9.7     28.3    16.7    9.8     16.5    10.7    12.9    8.4     13.3    12.1    17.8    5.7     11.7    7.0     
14  14.6    3.6     11.7    22.0    2.4     1.8     7.2     25.7    10.1    2.2     16.4    10.8    15.0    17.7    0.0     8.0     15.5    10.1    11.3    19.2    24.4    10.6    8.6     10.6    6.2     16.4    26.8    39.8    2.1     8.2     8.8     7.1     10.5    16.7    9.8     7.5     6.9     22.2    9.7     11.8    
15  7.7     6.3     7.9     14.1    5.9     6.4     9.5     17.8    5.5     8.2     8.6     11.6    7.0     9.7     8.0     0.0     8.0     6.0     6.9     11.3    16.4    9.2     2.4     9.2     5.3     8.5     18.9    33.9    7.2     1.5     9.4     1.5     7.7     10.4    7.5     4.4     9.6     14.4    5.9     4.7     
16  2.1     12.8    13.2    6.6     13.2    13.7    17.2    10.5    11.3    16.0    6.3     18.6    3.6     4.7     15.5    8.0     0.0     12.0    12.2    4.3     9.3     15.8    9.1     15.8    13.1    6.0     14.0    26.5    14.1    7.4     16.7    9.4     13.8    11.7    14.0    8.8     17.4    6.8     7.7     7.9     
17  12.6    10.5    1.9     16.5    9.1     9.5     6.7     19.6    0.7     8.8     8.8     6.8     9.3     11.3    10.1    6.0     12.0    0.0     1.1     13.7    18.1    3.8     3.6     3.8     4.0     9.0     18.4    38.4    10.5    7.5     5.3     5.1     1.8     6.9     2.1     10.2    7.0     16.9    12.0    4.3     
18  13.0    11.6    1.1     16.4    10.2    10.6    7.4     19.3    1.4     9.9     8.5     7.0     9.3     11.0    11.3    6.9     12.2    1.1     0.0     13.6    17.8    3.9     4.5     3.9     5.1     8.7     17.6    38.6    11.6    8.3     5.8     6.0     1.9     5.9     2.5     11.2    7.7     16.7    12.8    4.3     
19  6.2     16.7    14.5    2.9     16.9    17.5    19.8    6.5     13.0    19.4    5.5     20.5    4.5     2.7     19.2    11.3    4.3     13.7    13.6    0.0     5.2     17.4    11.7    17.4    15.8    5.1     9.9     25.6    18.0    11.1    18.9    12.5    15.4    11.0    15.8    12.9    20.0    3.2     12.0    9.4     
20  11.0    21.9    18.6    2.8     22.1    22.7    24.5    1.5     17.5    24.5    9.3     24.8    9.5     7.0     24.4    16.4    9.3     18.1    17.8    5.2     0.0     21.7    16.6    21.7    20.7    9.1     7.0     23.5    23.2    16.3    23.4    17.6    19.7    14.0    20.2    18.0    24.8    2.8     17.0    14.0    
21  16.3    12.1    3.2     20.2    10.3    10.6    4.5     23.2    4.5     8.7     12.3    3.1     13.0    14.9    10.6    9.2     15.8    3.8     3.9     17.4    21.7    0.0     7.0     0.0     5.0     12.6    21.2    42.2    11.6    10.7    2.5     7.9     2.1     9.1     1.8     13.0    5.0     20.6    15.0    8.1     
22  9.3     7.8     5.5     14.6    6.9     7.4     8.2     18.1    3.1     8.1     7.9     9.6     7.2     9.7     8.6     2.4     9.1     3.6     4.5     11.7    16.6    7.0     0.0     7.0     4.1     8.0     18.2    35.5    8.3     3.9     7.6     1.8     5.3     8.5     5.3     6.7     8.4     14.9    8.4     3.2     
23  16.3    12.1    3.2     20.2    10.3    10.6    4.5     23.2    4.5     8.7     12.3    3.1     13.0    14.9    10.6    9.2     15.8    3.8     3.9     17.4    21.7    0.0     7.0     0.0     5.0     12.6    21.2    42.2    11.6    10.7    2.5     7.9     2.1     9.1     1.8     13.0    5.0     20.6    15.0    8.1     
24  13.0    7.1     5.6     18.7    5.4     5.8     4.2     22.1    4.1     4.8     11.7    6.5     11.3    13.7    6.2     5.3     13.1    4.0     5.1     15.8    20.7    5.0     4.1     5.0     0.0     11.9    21.8    39.2    6.8     6.5     4.3     3.8     4.4     10.8    3.8     8.3     4.4     19.0    10.5    6.8     
25  7.8     14.7    9.5     7.7     14.4    15.0    15.5    10.6    8.5     16.1    0.4     15.7    2.6     2.4     16.4    8.5     6.0     9.0     8.7     5.1     9.1     12.6    8.0     12.6    11.9    0.0     10.4    30.7    15.7    9.0     14.3    9.3     10.6    6.0     11.1    11.7    15.8    8.1     11.8    5.0     
26  16.0    25.1    18.1    9.1     24.8    25.3    25.0    7.4     17.9    26.3    10.4    24.3    12.3    9.7     26.8    18.9    14.0    18.4    17.6    9.9     7.0     21.2    18.2    21.2    21.8    10.4    0.0     29.5    26.1    19.3    23.4    19.7    19.4    12.2    20.1    21.8    25.3    9.3     21.4    15.1    
27  26.2    36.3    39.6    23.3    37.6    38.0    43.4    22.5    37.7    41.1    31.1    45.1    29.4    28.3    39.8    33.9    26.5    38.4    38.6    25.6    23.5    42.2    35.5    42.2    39.2    30.7    29.5    0.0     37.9    32.8    43.1    35.4    40.2    36.6    40.5    32.4    43.5    22.9    30.1    34.3    
28  13.1    1.6     12.3    20.7    1.5     1.1     8.8     24.5    10.3    4.1     15.7    12.3    14.0    16.7    2.1     7.2     14.1    10.5    11.6    18.0    23.2    11.6    8.3     11.6    6.8     15.7    26.1    37.9    0.0     6.9     10.2    6.6     11.2    16.8    10.6    5.7     8.6     20.9    7.8     11.4    
29  6.8     5.8     9.4     13.8    5.8     6.4     10.7    17.6    6.9     8.7     9.1     12.9    7.1     9.8     8.2     1.5     7.4     7.5     8.3     11.1    16.3    10.7    3.9     10.7    6.5     9.0     19.3    32.8    6.9     0.0     10.7    2.8     9.1     11.6    9.0     3.1     10.7    14.1    4.5     5.8     
30  16.9    10.9    5.4     21.7    9.0     9.2     2.1     24.9    5.9     6.7     14.1    2.3     14.4    16.5    8.8     9.4     16.7    5.3     5.8     18.9    23.4    2.5     7.6     2.5     4.3     14.3    23.4    43.1    10.2    10.7    0.0     8.0     4.0     11.4    3.3     12.6    2.5     22.1    14.8    9.5     
31  9.2     6.0     7.0     15.4    5.2     5.7     8.0     19.0    4.6     6.9     9.3     10.2    8.1     10.7    7.1     1.5     9.4     5.1     6.0     12.5    17.6    7.9     1.8     7.9     3.8     9.3     19.7    35.4    6.6     2.8     8.0     0.0     6.5     10.3    6.3     5.2     8.1     15.6    7.1     4.9     
32  14.4    11.4    1.5     18.2    9.8     10.2    5.7     21.1    2.5     8.9     10.3    5.2     11.0    12.9    10.5    7.7     13.8    1.8     1.9     15.4    19.7    2.1     5.3     2.1     4.4     10.6    19.4    40.2    11.2    9.1     4.0     6.5     0.0     7.5     0.8     11.7    6.1     18.5    13.6    6.0     
33  13.2    16.3    6.0     13.3    15.3    15.8    13.2    15.4    6.7     15.6    5.6     12.1    8.1     8.4     16.7    10.4    11.7    6.9     5.9     11.0    14.0    9.1     8.5     9.1     10.8    6.0     12.2    36.6    16.8    11.6    11.4    10.3    7.5     0.0     8.2     14.6    13.6    13.7    15.6    5.8     
34  14.5    10.9    2.2     18.6    9.2     9.6     5.0     21.7    2.8     8.2     10.9    4.7     11.4    13.3    9.8     7.5     14.0    2.1     2.5     15.8    20.2    1.8     5.3     1.8     3.8     11.1    20.1    40.5    10.6    9.0     3.3     6.3     0.8     8.2     0.0     11.4    5.3     19.0    13.4    6.4     
35  7.4     4.2     12.2    15.4    5.2     5.7     12.0    19.3    9.7     8.8     11.9    14.8    9.5     12.1    7.5     4.4     8.8     10.2    11.2    12.9    18.0    13.0    6.7     13.0    8.3     11.7    21.8    32.4    5.7     3.1     12.6    5.2     11.7    14.6    11.4    0.0     12.0    15.6    2.3     8.9     
36  17.3    9.6     7.6     22.9    7.7     7.7     0.4     26.2    7.4     4.7     15.6    3.9     15.5    17.8    6.9     9.6     17.4    7.0     7.7     20.0    24.8    5.0     8.4     5.0     4.4     15.8    25.3    43.5    8.6     10.7    2.5     8.1     6.1     13.6    5.3     12.0    0.0     23.2    14.3    10.8    
37  8.3     19.6    17.6    0.4     19.9    20.5    23.0    3.8     16.2    22.5    8.4     23.7    7.7     5.7     22.2    14.4    6.8     16.9    16.7    3.2     2.8     20.6    14.9    20.6    19.0    8.1     9.3     22.9    20.9    14.1    22.1    15.6    18.5    13.7    19.0    15.6    23.2    0.0     14.4    12.6    
38  6.0     6.2     13.9    14.2    7.5     7.9     14.3    18.1    11.4    11.1    12.0    17.0    9.3     11.7    9.7     5.9     7.7     12.0    12.8    12.0    17.0    15.0    8.4     15.0    10.5    11.8    21.4    30.1    7.8     4.5     14.8    7.1     13.6    15.6    13.4    2.3     14.3    14.4    0.0     9.9     
39  8.8     10.8    5.4     12.3    10.0    10.6    10.5    15.5    3.6     11.3    4.9     11.1    5.0     7.0     11.8    4.7     7.9     4.3     4.3     9.4     14.0    8.1     3.2     8.1     6.8     5.0     15.1    34.3    11.4    5.8     9.5     4.9     6.0     5.8     6.4     8.9     10.8    12.6    9.9     0.0     
